0
2207646876162
4415293752324
6622940628486
8830587504648
11038234380810
13245881256972
15453528133134
17661175009296
19868821885458
22076468761620
24284115637782
26491762513944
28699409390106
30907056266268
33114703142430
35322350018592
37529996894754
39737643770916
41945290647078
44152937523240
46360584399402
48568231275564
50775878151726
52983525027888
55191171904050
57398818780212
59606465656374
61814112532536
64021759408698
66229406284860
68437053161022
70644700037184
72852346913346
75059993789508
77267640665670
79475287541832
81682934417994
83890581294156
86098228170318
88305875046480
90513521922642
92721168798804
94928815674966
97136462551128
99344109427290
101551756303452
103759403179614
105967050055776
108174696931938
110382343808100
112589990684262
114797637560424
117005284436586
119212931312748
121420578188910
123628225065072
125835871941234
128043518817396
130251165693558
132458812569720
134666459445882
136874106322044
139081753198206
141289400074368
143497046950530
145704693826692
147912340702854
150119987579016
152327634455178
154535281331340
156742928207502
158950575083664
161158221959826
163365868835988
165573515712150
167781162588312
169988809464474
172196456340636
174404103216798
176611750092960
178819396969122
181027043845284
183234690721446
185442337597608
187649984473770
189857631349932
192065278226094
194272925102256
196480571978418
198688218854580
200895865730742
203103512606904
205311159483066
207518806359228
209726453235390
211934100111552
214141746987714
216349393863876
218557040740038
220764687616200
222972334492362
225179981368524
227387628244686
229595275120848
231802921997010
234010568873172
236218215749334
238425862625496
240633509501658
242841156377820
245048803253982
247256450130144
249464097006306
251671743882468
253879390758630
256087037634792
258294684510954
260502331387116
262709978263278
264917625139440
267125272015602
269332918891764
271540565767926
273748212644088
275955859520250
278163506396412
280371153272574
1103823438081
3311470314243
5519117190405
7726764066567
9934410942729
12142057818891
14349704695053
16557351571215
18764998447377
20972645323539
23180292199701
25387939075863
27595585952025
29803232828187
32010879704349
34218526580511
36426173456673
38633820332835
40841467208997
43049114085159
45256760961321
47464407837483
49672054713645
51879701589807
54087348465969
56294995342131
58502642218293
60710289094455
62917935970617
65125582846779
67333229722941
69540876599103
71748523475265
73956170351427
76163817227589
78371464103751
80579110979913
82786757856075
84994404732237
87202051608399
89409698484561
91617345360723
93824992236885
96032639113047
98240285989209
100447932865371
102655579741533
104863226617695
107070873493857
109278520370019
111486167246181
113693814122343
115901460998505
118109107874667
120316754750829
122524401626991
124732048503153
126939695379315
129147342255477
131354989131639
133562636007801
135770282883963
137977929760125
140185576636287
142393223512449
144600870388611
146808517264773
149016164140935
151223811017097
153431457893259
155639104769421
157846751645583
160054398521745
162262045397907
164469692274069
166677339150231
168884986026393
171092632902555
173300279778717
175507926654879
177715573531041
179923220407203
182130867283365
184338514159527
186546161035689
188753807911851
190961454788013
193169101664175
195376748540337
197584395416499
199792042292661
201999689168823
204207336044985
206414982921147
208622629797309
210830276673471
213037923549633
215245570425795
217453217301957
219660864178119
221868511054281
224076157930443
226283804806605
228491451682767
230699098558929
232906745435091
235114392311253
237322039187415
239529686063577
241737332939739
243944979815901
246152626692063
248360273568225
250567920444387
252775567320549
254983214196711
257190861072873
259398507949035
261606154825197
263813801701359
266021448577521
268229095453683
270436742329845
272644389206007
274852036082169
277059682958331
279267329834493
281474976710655