0
33686018
67372036
101058054
134744072
168430090
202116108
235802126
269488144
303174162
336860180
370546198
404232216
437918234
471604252
505290270
538976288
572662306
606348324
640034342
673720360
707406378
741092396
774778414
808464432
842150450
875836468
909522486
943208504
976894522
1010580540
1044266558
1077952576
1111638594
1145324612
1179010630
1212696648
1246382666
1280068684
1313754702
1347440720
1381126738
1414812756
1448498774
1482184792
1515870810
1549556828
1583242846
1616928864
1650614882
1684300900
1717986918
1751672936
1785358954
1819044972
1852730990
1886417008
1920103026
1953789044
1987475062
2021161080
2054847098
2088533116
2122219134
2155905152
2189591170
2223277188
2256963206
2290649224
2324335242
2358021260
2391707278
2425393296
2459079314
2492765332
2526451350
2560137368
2593823386
2627509404
2661195422
2694881440
2728567458
2762253476
2795939494
2829625512
2863311530
2896997548
2930683566
2964369584
2998055602
3031741620
3065427638
3099113656
3132799674
3166485692
3200171710
3233857728
3267543746
3301229764
3334915782
3368601800
3402287818
3435973836
3469659854
3503345872
3537031890
3570717908
3604403926
3638089944
3671775962
3705461980
3739147998
3772834016
3806520034
3840206052
3873892070
3907578088
3941264106
3974950124
4008636142
4042322160
4076008178
4109694196
4143380214
4177066232
4210752250
4244438268
4278124286
16843009
50529027
84215045
117901063
151587081
185273099
218959117
252645135
286331153
320017171
353703189
387389207
421075225
454761243
488447261
522133279
555819297
589505315
623191333
656877351
690563369
724249387
757935405
791621423
825307441
858993459
892679477
926365495
960051513
993737531
1027423549
1061109567
1094795585
1128481603
1162167621
1195853639
1229539657
1263225675
1296911693
1330597711
1364283729
1397969747
1431655765
1465341783
1499027801
1532713819
1566399837
1600085855
1633771873
1667457891
1701143909
1734829927
1768515945
1802201963
1835887981
1869573999
1903260017
1936946035
1970632053
2004318071
2038004089
2071690107
2105376125
2139062143
2172748161
2206434179
2240120197
2273806215
2307492233
2341178251
2374864269
2408550287
2442236305
2475922323
2509608341
2543294359
2576980377
2610666395
2644352413
2678038431
2711724449
2745410467
2779096485
2812782503
2846468521
2880154539
2913840557
2947526575
2981212593
3014898611
3048584629
3082270647
3115956665
3149642683
3183328701
3217014719
3250700737
3284386755
3318072773
3351758791
3385444809
3419130827
3452816845
3486502863
3520188881
3553874899
3587560917
3621246935
3654932953
3688618971
3722304989
3755991007
3789677025
3823363043
3857049061
3890735079
3924421097
3958107115
3991793133
4025479151
4059165169
4092851187
4126537205
4160223223
4193909241
4227595259
4261281277